Eragon
557
47
19
1000000
Eldest
780
55
21
900000
Brisingr
820
62
25
850000
Inheriance
912
75
27
780000
Eragon
557
47
19
1000000
Eldest
780
55
21
900000
Brisingr
820
62
25
850000
Inheriance
912
75
27
780000
Eragon
557
47
19
1000000
Eldest
780
55
21
900000
Brisingr
820
62
25
850000
Inheriance
912
75
27
780000
Eragon
557
47
19
1000000
Eldest
780
55
21
900000
Brisingr
820
62
25
850000
Inheriance
912
75
27
780000
Eragon
557
47
19
1000000
Eldest
780
55
21
900000
Brisingr
820
62
25
850000
Inheriance
912
75
27
780000
Eragon
557
47
19
1000000
Eldest
780
55
21
900000
Brisingr
820
62
25
850000
Inheriance
912
75
27
780000
Eragon
557
47
19
1000000
Eldest
780
55
21
900000
Brisingr
820
62
25
850000
Inheriance
912
75
27
780000
Eragon
557
47
19
1000000
Eldest
780
55
21
900000
Brisingr
820
62
25
850000
Inheriance
912
75
27
780000